141,0,0
143,1,0
237,2,0
345,3,0
379,4,0
391,5,0
419,6,0
497,7,0
59,2,7
109,5,20
1,0,27
4,7,28
21,3,32
41,7,32
87,6,38
20,2,39
64,4,40
54,1,41
18,2,44
38,1,46
2,6,47
518,7,74
526,7,66
630,7,60
800,7,64
915,7,60
934,7,62
946,7,94
1041,7,83
1058,7,109
1140,7,141
1143,7,169
1264,7,178
1270,7,195
1294,7,197
1393,7,216
1534,7,250
1611,7,264
1641,7,314
1736,7,353
1752,7,376
1912,7,403
1933,7,443
1945,7,489
1949,7,506
1985,7,548
1998,7,556
2140,7,565
2268,7,593
2272,7,623
2282,7,671
2345,7,674
2437,7,686
2445,7,715
2496,7,755
2538,7,756
2581,7,777
2620,7,816
2637,7,821
2642,7,856
2726,7,859
2735,7,884
2761,7,912
2764,7,960
2770,7,987
2802,7,1035
2849,7,1037
2893,7,1072
2897,7,1083
2924,7,1094
3047,7,1104
3066,7,1137
3083,7,1164
3102,7,1190
3178,7,1232
3227,7,1245
3241,7,1247
3242,7,1277
3260,7,1305
3267,7,1353
3272,7,1369
3315,7,1405
3326,7,1448
3341,7,1489
3354,7,1515
3381,7,1564
3388,7,1580
3426,7,1590
3427,7,1608
3480,7,1639
3503,7,1689
3514,7,1705
3607,7,1709
3631,7,1710
3739,7,1729
3875,7,1775
3969,7,1779
3997,7,1784
4012,7,1821
4018,7,1844
4041,7,1865
4054,7,1894
4060,7,1936
4113,7,1944
4173,7,1963
4266,7,1967
4391,7,1989
4440,7,2022
4461,7,2045
4769,7,2081
4844,7,2090
4971,7,2108
36,7,2154
57,7,2192
127,7,2198
129,7,2235
154,7,2259
164,7,2278
165,7,2324
343,7,2349
352,7,2395
390,7,2424
415,7,2470
612,7,2488
632,7,2504
656,7,2516
740,7,2522
754,7,2562
760,7,2602
817,7,2636
858,7,2637
922,7,2660
986,7,2705
1023,7,2730
1072,7,2752
1126,7,2781
1183,7,2821
1202,7,2839
1241,7,2884
1243,7,2917
1295,7,2956
1310,7,2987
1323,7,3031
1361,7,3069
1404,7,3088
1445,7,3131
1461,7,3153
1509,7,3165
1517,7,3190
1544,7,3202
1578,7,3207
1593,7,3211
1625,7,3238
1730,7,3252
1795,7,3257
1850,7,3304
1857,7,3341
1900,7,3350
1972,7,3363
2005,7,3373
2076,7,3394
2085,7,3431
2094,7,3481
2111,7,3507
2142,7,3552
2183,7,3575
2189,7,3584
2206,7,3605
2212,7,3650
2231,7,3664
2287,7,3667
2486,7,3712
2604,7,3756
2621,7,3757
2669,7,3787
2886,7,3816
2940,7,3845
3125,7,3887
3274,7,3891
3522,7,3926
3535,7,3935
3543,7,3961
3582,7,3983
3589,7,4032
3626,7,4057
3633,7,4096
3676,7,4143
3690,7,4172
3698,7,4188
3767,7,4225
3771,7,4264
3908,7,4313
4049,7,4362
4051,7,4380
4142,7,4430
4154,7,4468
4208,7,4469
4215,7,4519
4263,7,4529
4316,7,4546
4336,7,4562
4351,7,4588
4477,7,4617
4488,7,4666
4569,7,4713
4584,7,4751
4591,7,4763
4821,7,4764
4886,7,4768
4922,7,4801
4957,7,4816
9,7,4851
102,7,4867
268,7,4879
412,7,4898
433,7,4924
483,7,4967
511,7,5011
554,7,5034
665,7,5065
717,7,5075
728,7,5087
768,7,5104
806,7,5143
834,7,5173
882,7,5198
884,7,5239
901,7,5270
903,7,5289
954,7,5332
989,7,5343
1135,7,5379
1257,7,5406
1316,7,5452
1325,7,5478
1351,7,5508
1560,7,5533
1632,7,5575
1662,7,5607
1749,7,5638
1765,7,5668
1784,7,5694
1791,7,5695
1793,7,5713
1806,7,5741
2065,7,5752
2074,7,5779
2131,7,5820
2188,7,5847
2239,7,5849
2255,7,5868
2278,7,5871
2290,7,5878
2331,7,5928
2468,7,5941
2509,7,5965
2553,7,5985
2636,7,5999
2717,7,6023
2749,7,6067
2755,7,6071
2800,7,6093
2823,7,6136
3040,7,6139
3080,7,6182
3121,7,6221
3249,7,6252
3384,7,6300
3488,7,6332
3577,7,6360
3612,7,6366
3834,7,6371
4285,7,6410
4321,7,6440
4401,7,6468
4468,7,6471
4483,7,6517
4558,7,6558
4635,7,6576
4860,7,6591
4897,7,6638
4898,7,6660
4901,7,6667
4921,7,6699
4924,7,6703
4949,7,6746
4950,7,6755
4963,7,6804
4981,7,6841
29,7,6858
32,7,6884
66,7,6896
161,7,6945
206,7,6985
251,7,6996
314,7,7016
409,7,7048
411,7,7051
421,7,7099
559,7,7111
598,7,7149
604,7,7167
715,7,7215
732,7,7255
796,7,7293
797,7,7298
819,7,7330
869,7,7348
902,7,7382
918,7,7405
926,7,7425
963,7,7462
1043,7,7467
1049,7,7485
1085,7,7487
1089,7,7495
1101,7,7540
1198,7,7545
1233,7,7570
1341,7,7611
1357,7,7626
1378,7,7675
1384,7,7696
1456,7,7743
1505,7,7747
1541,7,7780
1553,7,7797
1601,7,7840
1639,7,7853
1686,7,7887
1693,7,7917
1743,7,7966
1812,7,8013
1822,7,8038
1835,7,8049
2002,7,8076
2008,7,8095
2060,7,8127
2090,7,8169
2176,7,8203
2202,7,8245
2267,7,8260
2299,7,8284
2388,7,8302
2487,7,8351
2541,7,8358
2551,7,8367
2596,7,8399
2602,7,8415
2664,7,8464
2687,7,8485
2693,7,8503
2774,7,8535
2822,7,8560
2871,7,8579
2877,7,8598
2962,7,8612
3070,7,8645
3151,7,8688
3243,7,8715
3277,7,8736
3392,7,8739
3393,7,8762
3403,7,8776
3437,7,8805
3516,7,8837
3528,7,8853
3576,7,8885
3579,7,8918
3591,7,8954
3664,7,8998
3704,7,9024
3716,7,9046
3721,7,9054
3730,7,9084
3784,7,9094
3813,7,9132
3914,7,9141
3960,7,9174
4098,7,9191
4267,7,9217
4362,7,9251
4386,7,9285
4419,7,9328
4495,7,9350
4557,7,9387
4564,7,9436
4611,7,9486
4618,7,9529
4638,7,9575
4676,7,9585
4740,7,9587
4918,7,9592
4929,7,9628
4969,7,9656
4975,7,9675
4985,7,9703
4988,7,9736
16,7,9745
45,7,9769
65,7,9809
121,7,9845
131,7,9888
175,7,9891
186,7,9922
211,7,9953
236,7,9981
242,7,10026
302,7,10040
507,7,10069
634,7,10100
642,7,10124
651,7,10165
676,7,10184
829,7,10197
931,7,10230
981,7,10262
1033,7,10273
1060,7,10311
1096,7,10344
1122,7,10376
1432,7,10395
1433,7,10425
1440,7,10465
1494,7,10488
1514,7,10528
1526,7,10565
1547,7,10571
1555,7,10575
1588,7,10622
1847,7,10672
1848,7,10675
1859,7,10725
1860,7,10767
1974,7,10769
1981,7,10795
1982,7,10819
1999,7,10834
2048,7,10871
2175,7,10874
2194,7,10900
2298,7,10929
2366,7,10931
2387,7,10948
2474,7,10982
2476,7,11019
2578,7,11024
2583,7,11061
2672,7,11109
2679,7,11149
2750,7,11192
2843,7,11210
2948,7,11231
2982,7,11270
3035,7,11273
3050,7,11302
3221,7,11345
3254,7,11379
3279,7,11383
3297,7,11424
3335,7,11464
3336,7,11504
3386,7,11512
3424,7,11531
3453,7,11564
3456,7,11569
3595,7,11608
3710,7,11610
3766,7,11619
3773,7,11653
3905,7,11665
3964,7,11675
4062,7,11717
4084,7,11750
4099,7,11770
4123,7,11788
4127,7,11829
4230,7,11842
4264,7,11882
4306,7,11923
4327,7,11943
4337,7,11972
4372,7,11995
4389,7,12038
4464,7,12072
4490,7,12084
4503,7,12119
4657,7,12136
4784,7,12156
4791,7,12206
4820,7,12242
4839,7,12246
4887,7,12274
4935,7,12311
4991,7,12345
23,7,12347
48,7,12397
123,7,12427
134,7,12455
138,7,12503
230,7,12509
311,7,12558
313,7,12581
326,7,12596
369,7,12600
464,7,12647
492,7,12686
521,7,12719
553,7,12725
618,7,12757
631,7,12792
731,7,12833
749,7,12862
810,7,12905
997,7,12929
1090,7,12969
1164,7,13002
1204,7,13019
1290,7,13053
1319,7,13064
1329,7,13079
1333,7,13086
1359,7,13094
1412,7,13129
1449,7,13168
1594,7,13174
1657,7,13175
1687,7,13218
1828,7,13250
1929,7,13284
1939,7,13328
1950,7,13352
2174,7,13365
2265,7,13370
2276,7,13400
2393,7,13410
2497,7,13451
2645,7,13483
2746,7,13531
2767,7,13549
2776,7,13599
2790,7,13620
2869,7,13666
2941,7,13691
2970,7,13704
2972,7,13735
3016,7,13745
3058,7,13767
3061,7,13769
3106,7,13815
3140,7,13864
3204,7,13868
3213,7,13895
3216,7,13933
3261,7,13977
3287,7,13996
3310,7,14040
3317,7,14060
3333,7,14099
3520,7,14116
3530,7,14124
3639,7,14144
3649,7,14169
3657,7,14212
3684,7,14236
3705,7,14268
3713,7,14314
3747,7,14326
3754,7,14347
3811,7,14353
3887,7,14358
3903,7,14359
3920,7,14382
3998,7,14411
4015,7,14429
4076,7,14456
4118,7,14465
4138,7,14504
4148,7,14551
4157,7,14571
4205,7,14599
4354,7,14637
4413,7,14676
4463,7,14683
4624,7,14687
4641,7,14691
4643,7,14726
4694,7,14741
4701,7,14761
4710,7,14778
4718,7,14808
4837,7,14833
4933,7,14856
4986,7,14873
4993,7,14892
28,7,14894
83,7,14914
140,7,14963
179,7,14968
184,7,14982
296,7,15000
351,7,15007
561,7,15014
727,7,15018
794,7,15035
825,7,15083
872,7,15103
885,7,15122
887,7,15153
945,7,15166
947,7,15191
952,7,15231
1009,7,15260
1068,7,15281
1107,7,15320
1109,7,15361
1151,7,15410
1250,7,15415
1368,7,15428
1419,7,15458
1420,7,15502
1516,7,15514
1539,7,15554
1569,7,15561
1583,7,15586
1645,7,15615
1729,7,15658
1771,7,15684
1802,7,15720
1823,7,15755
1836,7,15791
1865,7,15827
1875,7,15843
2022,7,15879
2056,7,15883
2129,7,15927
2159,7,15940
2170,7,15990
2197,7,16013
2201,7,16020
2230,7,16048
2330,7,16054
2454,7,16084
2458,7,16125
2478,7,16174
2490,7,16184
2491,7,16188
2775,7,16192
2828,7,16215
2846,7,16249
2929,7,16289
2966,7,16323
3018,7,16347
3200,7,16360
3302,7,16369
3414,7,16383
3627,7,16400
3682,7,16419
3741,7,16437
3778,7,16458
3803,7,16474
3940,7,16500
3978,7,16505
3995,7,16535
4090,7,16556
4119,7,16558
4137,7,16563
4156,7,16578
4178,7,16605
4287,7,16625
4425,7,16651
4439,7,16695
4445,7,16696
4542,7,16740
4572,7,16761
4599,7,16772
4605,7,16792
4636,7,16825
4651,7,16864
4704,7,16901
4706,7,16906
4752,7,16921
4754,7,16965
4822,7,17011
4835,7,17020
4904,7,17066
4915,7,17068
4920,7,17078
4923,7,17111
4983,7,17159
4987,7,17209
114,7,17226
150,7,17253
443,7,17300
448,7,17309
455,7,17319
462,7,17357
499,7,17373
513,7,17374
525,7,17420
572,7,17438
606,7,17446
653,7,17451
788,7,17454
807,7,17469
815,7,17489
826,7,17523
854,7,17566
889,7,17572
909,7,17606
992,7,17649
994,7,17671
995,7,17690
1018,7,17710
1022,7,17718
1061,7,17732
1081,7,17773
1172,7,17775
1182,7,17825
1267,7,17869
1306,7,17884
1317,7,17893
1350,7,17938
1401,7,17952
1444,7,17975
1488,7,18011
1589,7,18054
1682,7,18102
1691,7,18122
1742,7,18157
1762,7,18186
1947,7,18223
1965,7,18236
1992,7,18269
2029,7,18314
2035,7,18340
2038,7,18373
2058,7,18421
2126,7,18427
2347,7,18453
2355,7,18482
2363,7,18484
2436,7,18513
2481,7,18526
2558,7,18544
2681,7,18562
2695,7,18568
2718,7,18582
2748,7,18595
2873,7,18625
2919,7,18643
3112,7,18667
3174,7,18678
3175,7,18723
3284,7,18736
3285,7,18765
3307,7,18807
3313,7,18838
3327,7,18886
3328,7,18896
3412,7,18939
3434,7,18964
3507,7,19013
3585,7,19031
3666,7,19075
3722,7,19078
3727,7,19079
3768,7,19120
3789,7,19141
3829,7,19148
3861,7,19151
3864,7,19166
3946,7,19182
4005,7,19208
4029,7,19224
4037,7,19271
4079,7,19273
4240,7,19286
4328,7,19309
4407,7,19329
4432,7,19349
4465,7,19353
4496,7,19373
4504,7,19380
4510,7,19402
4513,7,19440
4595,7,19487
4713,7,19495
4781,7,19540
4788,7,19544
4900,7,19550
4978,7,19581
17,7,19617
33,7,19644
51,7,19656
169,7,19697
174,7,19699
316,7,19738
353,7,19763
357,7,19803
461,7,19833
549,7,19873
668,7,19908
693,7,19945
695,7,19962
723,7,19992
816,7,20024
860,7,20032
873,7,20075
883,7,20083
891,7,20098
990,7,20131
1035,7,20144
1037,7,20164
1046,7,20176
1138,7,20217
1147,7,20219
1269,7,20220
1279,7,20264
1303,7,20295
1434,7,20324
1620,7,20338
1636,7,20388
1643,7,20391
1701,7,20402
1990,7,20426
2010,7,20454
2024,7,20480
2051,7,20519
2199,7,20560
2205,7,20592
2251,7,20602
2303,7,20636
2305,7,20674
2319,7,20680
2416,7,20684
2419,7,20713
2511,7,20763
2623,7,20793
2634,7,20799
2657,7,20819
2799,7,20821
2832,7,20825
2864,7,20854
2996,7,20896
3045,7,20945
3091,7,20958
3110,7,20966
3192,7,20996
3300,7,21002
3352,7,21045
3451,7,21082
3470,7,21093
3557,7,21119
3565,7,21166
3578,7,21197
3603,7,21246
3628,7,21280
3640,7,21315
3654,7,21362
3719,7,21370
3761,7,21415
3785,7,21427
3807,7,21464
3820,7,21510
3890,7,21547
3899,7,21569
4061,7,21587
4087,7,21597
4129,7,21609
4143,7,21645
4221,7,21690
4279,7,21697
4282,7,21702
4332,7,21714
4334,7,21720
4475,7,21770
4656,7,21781
4736,7,21829
4744,7,21857
4856,7,21870
4911,7,21892
4938,7,21940
4995,7,21944
4999,7,21987
107,7,21989
117,7,22009
136,7,22052
192,7,22080
221,7,22111
340,7,22130
482,7,22178
579,7,22184
581,7,22185
613,7,22191
646,7,22217
680,7,22233
694,7,22272
718,7,22303
733,7,22311
745,7,22317
852,7,22352
920,7,22375
944,7,22422
1011,7,22424
1104,7,22470
1156,7,22477
1199,7,22483
1213,7,22516
1217,7,22566
1242,7,22588
1300,7,22596
1446,7,22620
1471,7,22649
1571,7,22692
1575,7,22698
1585,7,22700
1647,7,22748
1665,7,22792
1671,7,22831
1716,7,22863
1841,7,22907
1846,7,22946
1855,7,22955
1905,7,22971
1914,7,23016
1934,7,23043
1969,7,23060
2016,7,23097
2033,7,23133
2087,7,23146
2128,7,23178
2135,7,23187
2137,7,23196
2154,7,23197
2190,7,23242
2300,7,23252
2334,7,23298
2348,7,23309
2389,7,23338
2449,7,23355
2524,7,23364
2525,7,23379
2625,7,23389
2651,7,23434
2665,7,23449
2673,7,23457
2793,7,23483
2915,7,23508
2951,7,23526
2979,7,23573
3033,7,23604
3089,7,23654
3115,7,23683
3187,7,23693
3305,7,23705
3391,7,23728
3436,7,23772
3468,7,23775
3484,7,23784
3487,7,23808
3504,7,23818
3559,7,23822
3675,7,23870
3809,7,23906
3823,7,23936
3857,7,23938
3885,7,23979
3926,7,24019
3959,7,24040
3968,7,24090
4164,7,24114
4171,7,24131
4177,7,24146
4198,7,24151
4251,7,24201
4374,7,24238
4395,7,24282
4405,7,24329
4451,7,24355
4466,7,24400
4473,7,24445
4509,7,24478
4524,7,24513
4534,7,24559
4552,7,24575
4610,7,24583
4625,7,24603
4674,7,24648
4785,7,24666
4809,7,24685
4847,7,24728
4859,7,24758
4994,7,24806
55,7,24819
158,7,24868
190,7,24890
223,7,24923
254,7,24924
263,7,24936
267,7,24978
355,7,24998
465,7,25019
565,7,25065
588,7,25075
610,7,25096
758,7,25143
764,7,25181
783,7,25225
814,7,25263
862,7,25301
937,7,25315
976,7,25361
984,7,25408
991,7,25435
1145,7,25457
1148,7,25473
1207,7,25503
1220,7,25540
1244,7,25589
1284,7,25614
1327,7,25643
1455,7,25662
1480,7,25670
1499,7,25687
1536,7,25698
1545,7,25745
1690,7,25770
1741,7,25776
1747,7,25804
1750,7,25852
1754,7,25897
1817,7,25927
1833,7,25932
1876,7,25940
2021,7,25941
2039,7,25957
2062,7,25993
2164,7,26033
2281,7,26071
2318,7,26113
2354,7,26140
2463,7,26153
2616,7,26174
2639,7,26178
2668,7,26200
2891,7,26227
2936,7,26255
2964,7,26293
3005,7,26328
3108,7,26341
3116,7,26387
3122,7,26392
3198,7,26433
3202,7,26461
3223,7,26469
3262,7,26508
3344,7,26530
3373,7,26572
3378,7,26607
3409,7,26640
3509,7,26655
3533,7,26659
3580,7,26682
3653,7,26724
3669,7,26734
3678,7,26739
3683,7,26766
3749,7,26814
3764,7,26844
3798,7,26881
3825,7,26890
3915,7,26918
4028,7,26949
4100,7,26983
4102,7,26987
4410,7,27019
4449,7,27027
4485,7,27045
4498,7,27048
4626,7,27092
4642,7,27107
4689,7,27130
4698,7,27143
4700,7,27181
4712,7,27230
4782,7,27241
4804,7,27243
4864,7,27283
4865,7,27296
4925,7,27324
139,7,27332
238,7,27355
377,7,27369
470,7,27388
544,7,27410
568,7,27411
645,7,27422
664,7,27447
678,7,27490
703,7,27516
720,7,27540
737,7,27571
802,7,27576
1032,7,27618
1232,7,27653
1238,7,27683
1321,7,27698
1523,7,27701
1568,7,27748
1605,7,27781
1720,7,27798
1786,7,27818
1787,7,27831
1895,7,27851
2117,7,27875
2160,7,27916
2297,7,27919
2312,7,27921
2382,7,27936
2479,7,27979
2484,7,28013
2505,7,28047
2519,7,28080
2535,7,28115
2595,7,28155
2603,7,28183
2666,7,28227
2721,7,28236
2912,7,28281
2921,7,28292
2938,7,28319
3019,7,28336
3078,7,28383
3094,7,28426
3124,7,28473
3150,7,28506
3189,7,28515
3208,7,28519
3244,7,28528
3275,7,28574
3298,7,28584
3332,7,28603
3387,7,28617
3466,7,28637
3469,7,28648
3540,7,28649
3549,7,28655
3550,7,28679
3594,7,28709
3630,7,28757
3638,7,28788
3732,7,28821
3961,7,28853
3981,7,28892
3982,7,28930
4063,7,28971
4110,7,28991
4176,7,28999
4234,7,29023
4286,7,29039
4295,7,29058
4365,7,29093
4555,7,29115
4577,7,29147
4592,7,29188
4597,7,29221
4613,7,29244
4616,7,29264
4617,7,29282
4649,7,29329
4727,7,29372
4771,7,29388
4794,7,29434
97,7,29456
105,7,29480
125,7,29495
145,7,29542
152,7,29570
167,7,29580
219,7,29603
294,7,29614
305,7,29645
309,7,29673
321,7,29706
344,7,29739
358,7,29784
361,7,29817
385,7,29840
425,7,29844
426,7,29879
503,7,29906
523,7,29925
574,7,29961
575,7,30010
582,7,30013
593,7,30034
595,7,30073
615,7,30079
620,7,30115
626,7,30128
674,7,30167
697,7,30209
759,7,30233
765,7,30257
964,7,30263
970,7,30266
998,7,30306
1015,7,30326
1019,7,30336
1093,7,30344
1095,7,30357
1102,7,30372
1124,7,30374
1154,7,30398
1240,7,30400
1428,7,30417
1472,7,30437
1502,7,30455
1652,7,30465
1654,7,30505
1663,7,30536
1677,7,30556
1766,7,30592
1768,7,30602
1782,7,30622
1844,7,30666
1873,7,30698
1978,7,30728
2055,7,30742
2070,7,30746
2091,7,30749
2144,7,30755
2150,7,30783
2245,7,30821
2247,7,30858
2353,7,30901
2377,7,30943
2381,7,30945
2386,7,30962
2390,7,30998
2392,7,31018
2446,7,31044
2459,7,31091
2520,7,31138
2523,7,31165
2572,7,31197
2656,7,31244
2704,7,31265
2713,7,31305
2738,7,31317
2779,7,31337
2808,7,31351
2870,7,31393
2899,7,31396
3039,7,31428
3180,7,31469
3226,7,31518
3236,7,31543
3266,7,31578
3295,7,31612
3306,7,31643
3340,7,31675
3366,7,31708
3472,7,31730
3527,7,31769
3545,7,31807
3642,7,31846
3667,7,31854
3689,7,31894
3735,7,31939
3763,7,31988
3902,7,32024
3923,7,32042
4014,7,32090
4034,7,32111
4056,7,32155
4080,7,32180
4136,7,32210
4233,7,32254
4235,7,32260
4237,7,32272
4259,7,32284
4265,7,32299
4294,7,32305
4311,7,32326
4396,7,32338
4404,7,32357
4494,7,32366
4568,7,32402
4620,7,32426
4737,7,32465
4758,7,32510
4862,7,32516
4908,7,32553
44,7,32567
212,7,32603
270,7,32620
454,7,32665
563,7,32689
623,7,32701
675,7,32702
779,7,32715
847,7,32749
851,7,32758
868,7,32768
1042,7,32770
1055,7,32785
1112,7,32830
1114,7,32850
1125,7,32873
1149,7,32886
1194,7,32927
1209,7,32971
1258,7,32983
1360,7,33009
1452,7,33018
1464,7,33029
1500,7,33047
1506,7,33063
1563,7,33111
1570,7,33149
1668,7,33156
1684,7,33161
1709,7,33175
1721,7,33207
1757,7,33240
1779,7,33247
1805,7,33248
1838,7,33256
1951,7,33299
1966,7,33345
2037,7,33348
2041,7,33351
2119,7,33372
2214,7,33381
2216,7,33410
2313,7,33442
2325,7,33469
2346,7,33488
2439,7,33498
2493,7,33501
2522,7,33515
2613,7,33520
2690,7,33544
2709,7,33556
2804,7,33592
2816,7,33641
2855,7,33649
2859,7,33684
2888,7,33730
2889,7,33768
2943,7,33798
2980,7,33799
2997,7,33807
3001,7,33848
3043,7,33895
3067,7,33933
3142,7,33962
3149,7,33979
3193,7,34018
3237,7,34025
3264,7,34048
3610,7,34089
3740,7,34102
3815,7,34145
3850,7,34190
3877,7,34209
3980,7,34236
4032,7,34275
4035,7,34323
4053,7,34368
4074,7,34384
4125,7,34414
4146,7,34446
4162,7,34470
4189,7,34511
4232,7,34550
4333,7,34569
4369,7,34609
4377,7,34628
4429,7,34652
4462,7,34686
4467,7,34714
4476,7,34755
4523,7,34782
4639,7,34824
4650,7,34855
4664,7,34899
4692,7,34916
4735,7,34962
4745,7,34999
4747,7,35028
4779,7,35035
4914,7,35037
4960,7,35050
43,7,35061
104,7,35103
172,7,35104
258,7,35126
266,7,35148
274,7,35159
330,7,35167
446,7,35212
517,7,35234
571,7,35253
600,7,35302
628,7,35338
781,7,35370
809,7,35396
813,7,35434
833,7,35452
842,7,35477
865,7,35483
932,7,35492
1010,7,35538
1174,7,35540
1192,7,35549
1285,7,35576
1289,7,35583
1302,7,35614
1307,7,35643
1308,7,35693
1313,7,35734
1507,7,35743
1521,7,35764
1592,7,35805
1655,7,35838
1773,7,35872
1871,7,35897
1906,7,35944
1991,7,35970
2009,7,35998
2083,7,36034
2102,7,36081
2104,7,36102
2136,7,36103
2283,7,36117
2408,7,36135
2457,7,36145
2566,7,36149
2615,7,36175
2685,7,36215
2722,7,36244
2762,7,36261
2797,7,36273
2798,7,36305
2880,7,36310
2902,7,36337
2957,7,36360
2961,7,36391
2965,7,36421
2988,7,36467
3011,7,36517
3157,7,36547
3158,7,36582
3270,7,36594
3330,7,36607
3364,7,36636
3432,7,36679
3459,7,36721
3567,7,36734
3599,7,36742
3613,7,36767
3624,7,36779
3637,7,36825
3659,7,36843
3757,7,36891
3794,7,36915
3833,7,36961
3984,7,36971
4152,7,36999
4350,7,37015
4398,7,37028
4403,7,37059
4444,7,37099
4631,7,37124
4697,7,37158
4895,7,37173
4947,7,37190
4959,7,37211
4997,7,37260
26,7,37293
160,7,37334
253,7,37347
348,7,37360
431,7,37380
638,7,37386
660,7,37393
698,7,37425
706,7,37459
763,7,37497
767,7,37523
801,7,37558
830,7,37584
861,7,37586
892,7,37589
957,7,37606
1051,7,37649
1091,7,37689
1196,7,37700
1236,7,37747
1312,7,37754
1324,7,37784
1354,7,37829
1355,7,37870
1486,7,37893
1572,7,37915
1760,7,37954
1796,7,37978
1811,7,38025
1827,7,38069
1973,7,38119
2025,7,38127
2032,7,38168
2036,7,38213
2068,7,38222
2093,7,38245
2096,7,38287
2181,7,38306
2257,7,38326
2260,7,38332
2310,7,38371
2394,7,38384
2397,7,38409
2609,7,38445
2661,7,38461
2662,7,38509
2773,7,38533
2785,7,38535
2786,7,38560
2854,7,38610
2874,7,38619
2881,7,38656
2894,7,38682
2896,7,38729
2998,7,38760
3065,7,38763
3126,7,38764
3127,7,38793
3457,7,38837
3471,7,38861
3473,7,38869
3486,7,38899
3546,7,38935
3575,7,38961
3706,7,38966
3849,7,38977
3852,7,38990
3973,7,39024
4026,7,39074
4085,7,39124
4103,7,39147
4114,7,39150
4133,7,39154
4167,7,39163
4193,7,39190
4199,7,39207
4242,7,39211
4271,7,39240
4346,7,39261
4460,7,39273
4512,7,39305
4531,7,39311
4533,7,39332
4606,7,39352
4627,7,39388
4633,7,39397
4725,7,39426
4799,7,39460
4930,7,39496
4968,7,39544
4982,7,39591
49,7,39606
82,7,39633
86,7,39662
243,7,39672
324,7,39718
376,7,39736
395,7,39752
416,7,39782
447,7,39792
540,7,39795
545,7,39804
560,7,39834
635,7,39846
659,7,39856
687,7,39894
707,7,39928
724,7,39936
725,7,39963
738,7,39982
818,7,40007
823,7,40034
836,7,40080
894,7,40126
942,7,40165
953,7,40187
969,7,40230
982,7,40255
1004,7,40304
1111,7,40328
1116,7,40353
1118,7,40369
1134,7,40405
1153,7,40431
1180,7,40475
1181,7,40485
1216,7,40513
1259,7,40523
1338,7,40569
1370,7,40590
1421,7,40636
1429,7,40667
1435,7,40695
1459,7,40708
1489,7,40735
1559,7,40753
1565,7,40791
1597,7,40816
1623,7,40825
1710,7,40840
1722,7,40882
1745,7,40893
1746,7,40931
1781,7,40936
1813,7,40982
1909,7,41026
1913,7,41041
1920,7,41084
1983,7,41115
2013,7,41130
2015,7,41148
2077,7,41151
2105,7,41170
2246,7,41191
2280,7,41216
2339,7,41241
2343,7,41249
2367,7,41273
2554,7,41284
2586,7,41291
2617,7,41296
2633,7,41313
2683,7,41361
2697,7,41408
2711,7,41413
2720,7,41418
2900,7,41449
2907,7,41498
2963,7,41526
3032,7,41533
3038,7,41577
3046,7,41590
3118,7,41609
3141,7,41623
3144,7,41661
3176,7,41697
3215,7,41707
3245,7,41708
3278,7,41739
3289,7,41767
3400,7,41814
3431,7,41820
3524,7,41845
3597,7,41854
3718,7,41882
3755,7,41921
3888,7,41965
4023,7,41994
4092,7,42036
4147,7,42038
4426,7,42056
4441,7,42091
4453,7,42105
4573,7,42154
4672,7,42176
4719,7,42187
4723,7,42206
4749,7,42250
4793,7,42272
4810,7,42301
4833,7,42311
4881,7,42319
244,7,42364
279,7,42377
297,7,42414
317,7,42416
480,7,42457
516,7,42462
538,7,42499
543,7,42528
621,7,42555
640,7,42581
691,7,42594
710,7,42623
735,7,42662
890,7,42690
905,7,42697
910,7,42706
928,7,42707
1070,7,42734
1074,7,42777
1078,7,42799
1080,7,42826
1146,7,42846
1155,7,42887
1195,7,42901
1226,7,42917
1581,7,42919
1582,7,42951
1630,7,42965
1734,7,42984
1790,7,42987
1898,7,43030
1931,7,43031
2000,7,43039
2028,7,43040
2095,7,43054
2156,7,43102
2157,7,43108
2185,7,43149
2203,7,43172
2211,7,43203
2236,7,43213
2321,7,43235
2410,7,43243
2423,7,43247
2450,7,43256
2510,7,43299
2590,7,43323
2640,7,43356
2654,7,43404
2659,7,43442
2663,7,43476
2682,7,43511
2787,7,43549
2805,7,43561
2824,7,43590
2829,7,43638
2920,7,43647
2952,7,43677
2976,7,43689
2983,7,43714
2989,7,43738
3082,7,43745
3103,7,43793
3135,7,43819
3152,7,43860
3195,7,43890
3220,7,43926
3232,7,43935
3337,7,43958
3464,7,43963
3478,7,43980
3526,7,44021
3606,7,44037
3691,7,44038
3695,7,44075
3796,7,44081
3972,7,44108
4027,7,44130
4130,7,44160
4277,7,44174
4310,7,44184
4356,7,44189
4371,7,44236
4373,7,44257
4497,7,44296
4499,7,44321
4571,7,44337
4587,7,44375
4619,7,44387
4679,7,44390
4764,7,44404
4888,7,44406
4996,7,44448
88,7,44477
99,7,44481
118,7,44502
189,7,44508
241,7,44515
249,7,44540
278,7,44542
286,7,44546
329,7,44549
339,7,44584
367,7,44630
402,7,44635
408,7,44647
479,7,44694
504,7,44732
616,7,44776
681,7,44787
700,7,44809
708,7,44822
722,7,44848
726,7,44895
832,7,44930
840,7,44940
898,7,44958
943,7,44977
1026,7,44993
1059,7,45020
1097,7,45043
1299,7,45078
1342,7,45117
1396,7,45129
1398,7,45160
1462,7,45169
1463,7,45214
1484,7,45257
1492,7,45281
1613,7,45304
1617,7,45309
1697,7,45319
1764,7,45327
1797,7,45366
1807,7,45390
1837,7,45415
1839,7,45440
1843,7,45473
1878,7,45505
1892,7,45512
1916,7,45524
2075,7,45559
2218,7,45596
2219,7,45611
2223,7,45647
2225,7,45696
2229,7,45729
2304,7,45737
2417,7,45787
2444,7,45804
2494,7,45837
2562,7,45858
2619,7,45907
2626,7,45937
2643,7,45970
2680,7,46006
2728,7,46056
2806,7,46104
3000,7,46120
3025,7,46155
3037,7,46174
3138,7,46220
3146,7,46261
3201,7,46276
3217,7,46279
3230,7,46309
3231,7,46324
3246,7,46334
3276,7,46366
3334,7,46368
3338,7,46406
3345,7,46445
3351,7,46476
3450,7,46516
3481,7,46526
3483,7,46569
3510,7,46603
3600,7,46614
3608,7,46623
3765,7,46635
3819,7,46679
3919,7,46696
3929,7,46731
4186,7,46769
4194,7,46770
4200,7,46779
4213,7,46784
4227,7,46830
4247,7,46855
4252,7,46864
4275,7,46889
4276,7,46923
4297,7,46970
4324,7,47005
4363,7,47021
4433,7,47062
4438,7,47068
4514,7,47117
4519,7,47129
4528,7,47158
4529,7,47206
4545,7,47250
4548,7,47261
4556,7,47287
4560,7,47329
4585,7,47347
4637,7,47365
4668,7,47409
4734,7,47458
4778,7,47459
4807,7,47505
4818,7,47550
4942,7,47572
250,7,47576
378,7,47580
463,7,47604
542,7,47635
546,7,47674
614,7,47687
654,7,47712
667,7,47759
716,7,47761
798,7,47803
895,7,47837
936,7,47868
1017,7,47875
1248,7,47920
1276,7,47944
1326,7,47969
1334,7,48013
1372,7,48033
1427,7,48079
1485,7,48109
1524,7,48127
1550,7,48168
1580,7,48189
1618,7,48212
1638,7,48260
1675,7,48275
1712,7,48291
1724,7,48323
1728,7,48326
1763,7,48327
1772,7,48353
1893,7,48377
1937,7,48414
2067,7,48419
2108,7,48443
2204,7,48449
2256,7,48454
2315,7,48471
2326,7,48491
2358,7,48499
2424,7,48531
2452,7,48555
2489,7,48593
2508,7,48639
2547,7,48640
2556,7,48658
2644,7,48697
2698,7,48715
2756,7,48728
2812,7,48735
2819,7,48758
2839,7,48808
2890,7,48840
3027,7,48872
3111,7,48916
3132,7,48954
3209,7,48995
3362,7,49003
3367,7,49021
3383,7,49059
3420,7,49098
3501,7,49132
3544,7,49162
3615,7,49204
3670,7,49248
3685,7,49251
3804,7,49293
3808,7,49300
3822,7,49302
3842,7,49305
3901,7,49339
3967,7,49367
3979,7,49404
4067,7,49442
4180,7,49447
4239,7,49451
4339,7,49493
4383,7,49521
4387,7,49539
4417,7,49582
4472,7,49612
4521,7,49658
4522,7,49691
4561,7,49704
4632,7,49706
4660,7,49743
4662,7,49777
4667,7,49785
4669,7,49823
4682,7,49835
4708,7,49880
4709,7,49900
4763,7,49922
4850,7,49936
4866,7,49978
4965,7,49981
4980,7,50027
4990,7,50038
187,7,50058
229,7,50081
368,7,50099
437,7,50132
589,7,50173
742,7,50186
786,7,50224
914,7,50271
933,7,50274
1025,7,50300
1076,7,50332
1117,7,50335
1177,7,50351
1211,7,50396
1215,7,50399
1228,7,50434
1229,7,50451
1252,7,50471
1256,7,50495
1391,7,50500
1487,7,50550
1637,7,50568
1649,7,50586
1681,7,50609
1719,7,50654
1726,7,50657
1832,7,50695
1903,7,50728
1910,7,50762
1918,7,50805
1964,7,50836
1989,7,50850
2073,7,50873
2089,7,50887
2115,7,50904
2116,7,50938
2133,7,50940
2145,7,50986
2232,7,51007
2464,7,51019
2518,7,51021
2594,7,51061
2607,7,51101
2608,7,51136
2632,7,51142
2676,7,51184
2688,7,51227
2701,7,51232
2730,7,51247
2777,7,51279
2803,7,51303
2834,7,51311
2973,7,51339
2993,7,51340
3051,7,51347
3063,7,51388
3095,7,51433
3130,7,51439
3179,7,51484
3199,7,51518
3263,7,51544
3438,7,51587
3449,7,51615
3570,7,51656
3724,7,51704
3743,7,51745
3775,7,51771
3786,7,51795
3816,7,51808
3824,7,51845
3836,7,51861
3853,7,51883
3859,7,51909
3868,7,51946
3873,7,51955
3886,7,51957
3948,7,51988
3956,7,52031
3985,7,52035
4124,7,52083
4140,7,52099
4144,7,52121
4187,7,52141
4231,7,52188
4261,7,52214
4298,7,52264
4381,7,52292
4415,7,52325
4481,7,52339
4515,7,52369
4705,7,52388
4707,7,52409
4732,7,52429
4762,7,52432
4795,7,52434
4805,7,52474
4811,7,52491
95,7,52532
156,7,52571
180,7,52576
199,7,52619
387,7,52666
398,7,52698
432,7,52710
439,7,52713
460,7,52756
491,7,52770
506,7,52811
508,7,52845
699,7,52879
751,7,52883
771,7,52917
812,7,52947
828,7,52994
897,7,53004
916,7,53011
959,7,53013
1048,7,53018
1064,7,53067
1247,7,53081
1255,7,53121
1291,7,53134
1352,7,53137
1406,7,53157
1436,7,53187
1443,7,53202
1531,7,53217
1598,7,53235
1640,7,53249
1699,7,53281
1872,7,53291
1899,7,53298
2007,7,53324
2018,7,53355
2120,7,53378
2224,7,53411
2426,7,53437
2465,7,53475
2473,7,53523
2530,7,53551
2539,7,53584
2627,7,53611
2692,7,53619
2837,7,53663
3012,7,53684
3036,7,53701
3079,7,53747
3164,7,53796
3171,7,53838
3186,7,53859
3203,7,53861
3291,7,53891
3421,7,53932
3445,7,53980
3452,7,53996
3502,7,54027
3518,7,54043
3529,7,54060
3531,7,54081
3622,7,54123
3644,7,54156
3668,7,54202
3708,7,54227
3717,7,54276
3774,7,54313
3781,7,54348
3801,7,54368
3839,7,54389
3916,7,54405
3976,7,54436
3989,7,54472
4002,7,54487
4064,7,54508
4132,7,54526
4158,7,54535
4211,7,54556
4216,7,54557
4455,7,54599
4536,7,54617
4645,7,54642
4680,7,54677
4720,7,54686
4741,7,54720
4872,7,54733
4932,7,54754
7,7,54803
35,7,54805
151,7,54842
198,7,54890
200,7,54934
205,7,54976
222,7,55008
224,7,55011
226,7,55026
320,7,55073
362,7,55091
380,7,55136
458,7,55178
459,7,55219
529,7,55247
531,7,55290
537,7,55314
562,7,55338
573,7,55345
596,7,55383
629,7,55430
639,7,55469
808,7,55493
870,7,55513
878,7,55533
880,7,55569
1000,7,55588
1106,7,55594
1127,7,55612
1171,7,55644
1190,7,55692
1203,7,55732
1411,7,55775
1474,7,55785
1518,7,55790
1530,7,55818
1590,7,55855
1614,7,55879
1704,7,55898
1753,7,55946
1759,7,55976
1919,7,56011
1960,7,56030
2064,7,56058
2273,7,56090
2380,7,56115
2391,7,56161
2406,7,56189
2501,7,56209
2506,7,56248
2555,7,56262
2670,7,56304
2723,7,56351
2813,7,56382
2858,7,56400
2885,7,56411
2945,7,56429
2974,7,56450
2987,7,56453
3007,7,56497
3323,7,56530
3349,7,56565
3411,7,56586
3443,7,56592
3489,7,56599
3537,7,56602
3561,7,56606
3620,7,56629
3687,7,56666
3703,7,56703
3707,7,56748
3728,7,56792
3742,7,56830
3855,7,56846
3889,7,56893
3945,7,56908
4042,7,56935
4059,7,56943
4330,7,56987
4340,7,56995
4456,7,57026
4458,7,57048
4469,7,57090
4518,7,57101
4540,7,57127
4566,7,57167
4580,7,57189
4583,7,57232
4586,7,57244
4608,7,57267
4757,7,57269
4797,7,57295
4823,7,57304
4830,7,57349
19,7,57390
50,7,57428
103,7,57445
112,7,57446
115,7,57496
128,7,57515
295,7,57538
338,7,57570
346,7,57588
471,7,57631
490,7,57646
576,7,57663
643,7,57669
644,7,57690
657,7,57724
672,7,57737
753,7,57769
871,7,57771
925,7,57810
1040,7,57855
1132,7,57866
1170,7,57906
1179,7,57926
1187,7,57931
1282,7,57949
1356,7,57987
1497,7,58022
1513,7,58023
1561,7,58038
1678,7,58080
1696,7,58111
1888,7,58150
1917,7,58168
2107,7,58204
2277,7,58206
2351,7,58244
2398,7,58259
2430,7,58275
2499,7,58280
2543,7,58289
2610,7,58296
2703,7,58338
2867,7,58370
2946,7,58403
2958,7,58413
2977,7,58414
3081,7,58463
3090,7,58471
3099,7,58474
3113,7,58511
3129,7,58544
3131,7,58561
3170,7,58595
3238,7,58612
3252,7,58640
3358,7,58673
3408,7,58684
3433,7,58691
3532,7,58710
3569,7,58730
3619,7,58774
3623,7,58814
3656,7,58829
3692,7,58863
3744,7,58865
3871,7,58913
3882,7,58927
4011,7,58946
4040,7,58987
4109,7,59025
4155,7,59031
4168,7,59061
4318,7,59086
4349,7,59114
4359,7,59139
4380,7,59175
4492,7,59183
4575,7,59233
4581,7,59249
4614,7,59261
4699,7,59277
4746,7,59302
4802,7,59327
4890,7,59333
4905,7,59372
4934,7,59411
12,7,59454
30,7,59503
46,7,59518
68,7,59523
132,7,59557
207,7,59573
233,7,59601
312,7,59631
349,7,59657
502,7,59680
533,7,59710
587,7,59721
658,7,59771
712,7,59809
743,7,59852
750,7,59853
752,7,59879
875,7,59910
993,7,59914
1027,7,59935
1214,7,59971
1222,7,60020
1254,7,60051
1268,7,60098
1371,7,60102
1379,7,60127
1414,7,60147
1501,7,60190
1512,7,60210
1535,7,60243
1558,7,60248
1566,7,60254
1602,7,60296
1642,7,60325
1648,7,60336
1695,7,60372
1717,7,60373
1725,7,60392
1733,7,60435
1804,7,60475
1809,7,60524
2053,7,60531
2100,7,60574
2151,7,60609
2153,7,60646
2228,7,60658
2235,7,60680
2241,7,60725
2289,7,60739
2337,7,60753
2453,7,60769
2482,7,60812
2587,7,60819
2589,7,60838
2612,7,60881
2641,7,60922
2741,7,60944
2794,7,60958
2818,7,61008
2826,7,61030
2845,7,61068
2884,7,61069
2913,7,61108
2932,7,61141
2950,7,61179
2986,7,61183
3048,7,61217
3100,7,61241
3105,7,61278
3137,7,61328
3283,7,61360
3372,7,61398
3375,7,61441
3430,7,61491
3618,7,61497
3641,7,61528
3709,7,61570
3770,7,61590
3812,7,61614
3862,7,61664
3921,7,61711
4025,7,61731
4057,7,61772
4128,7,61816
4159,7,61821
4165,7,61853
4260,7,61881
4273,7,61913
4303,7,61918
4338,7,61926
4508,7,61936
4612,7,61942
4629,7,61975
4691,7,62024
4849,7,62052
4867,7,62076
4948,7,62123
58,7,62130
142,7,62151
144,7,62171
228,7,62220
280,7,62248
347,7,62283
389,7,62305
406,7,62328
456,7,62353
466,7,62396
485,7,62406
539,7,62408
556,7,62416
603,7,62457
607,7,62461
696,7,62489
709,7,62502
795,7,62542
886,7,62575
921,7,62608
955,7,62641
966,7,62668
975,7,62710
999,7,62715
1013,7,62717
1056,7,62722
1063,7,62755
1077,7,62760
1123,7,62766
1131,7,62795
1137,7,62833
1176,7,62880
1188,7,62887
1219,7,62903
1221,7,62910
1245,7,62926
1260,7,62974
1283,7,63006
1343,7,63028
1418,7,63035
1447,7,63038
1604,7,63042
1622,7,63068
1628,7,63082
1801,7,63100
1868,7,63106
1923,7,63140
1936,7,63173
2003,7,63213
2069,7,63248
2086,7,63273
2132,7,63278
2163,7,63305
2173,7,63348
2240,7,63368
2332,7,63389
2395,7,63418
2534,7,63425
2552,7,63464
2559,7,63466
2569,7,63471
2571,7,63501
2601,7,63535
2630,7,63539
2736,7,63586
2796,7,63607
2801,7,63647
2992,7,63665
3015,7,63702
3021,7,63709
3054,7,63748
3281,7,63777
3296,7,63800
3320,7,63837
3324,7,63859
3357,7,63872
3401,7,63890
3566,7,63926
3629,7,63973
3671,7,64022
3731,7,64065
3810,7,64077
3832,7,64106
3893,7,64138
4006,7,64152
4169,7,64190
4248,7,64199
4296,7,64222
4331,7,64257
4342,7,64280
4506,7,64309
4554,7,64335
4604,7,64346
4615,7,64360
4730,7,64387
4733,7,64430
4892,7,64456
4913,7,64489
4958,7,64491
4992,7,64501
3,7,64529
39,7,64531
40,7,64549
52,7,64572
225,7,64587
319,7,64600
405,7,64603
414,7,64639
440,7,64647
453,7,64684
473,7,64724
481,7,64760
592,7,64795
705,7,64844
762,7,64856
782,7,64861
822,7,64863
958,7,64885
1003,7,64924
1005,7,64968
1014,7,65014
1039,7,65058
1121,7,65093
1173,7,65115
1175,7,65154
1266,7,65192
1328,7,65198
1332,7,65215
1339,7,65232
1366,7,65239
1377,7,65272
1385,7,65306
1405,7,65349
1425,7,65351
1457,7,65382
1475,7,65385
1520,7,65420
1616,7,65450
1723,7,65478
1740,7,65487
1831,7,65496
1863,7,65514
1877,7,65537
1890,7,65547
1897,7,65578
1904,7,65623
1984,7,65641
2004,7,65657
2006,7,65695
2014,7,65708
2092,7,65727
2162,7,65771
2191,7,65802
2399,7,65826
2427,7,65854
2438,7,65878
2467,7,65887
2531,7,65889
2533,7,65938
2544,7,65962
2580,7,65996
2600,7,66015
2658,7,66020
2766,7,66054
2780,7,66093
2810,7,66119
2820,7,66151
3009,7,66191
3023,7,66205
3109,7,66238
3229,7,66280
3282,7,66328
3312,7,66363
3314,7,66405
3319,7,66411
3448,7,66432
3482,7,66434
3490,7,66458
3679,7,66505
3797,7,66549
3817,7,66593
3840,7,66630
3845,7,66661
3848,7,66688
3863,7,66702
3878,7,66716
3931,7,66748
3974,7,66765
3987,7,66814
3999,7,66839
4044,7,66886
4170,7,66891
4190,7,66914
4195,7,66920
4293,7,66953
4420,7,66958
4589,7,66965
4661,7,66989
4722,7,67025
4760,7,67045
4783,7,67079
4792,7,67090
4829,7,67098
4834,7,67128
4848,7,67157
4884,7,67163
4998,7,67197
126,7,67210
213,7,67223
215,7,67259
240,7,67271
246,7,67284
310,7,67308
365,7,67322
382,7,67327
399,7,67334
569,7,67356
772,7,67364
805,7,67373
850,7,67389
913,7,67400
1038,7,67408
1054,7,67422
1062,7,67466
1094,7,67467
1110,7,67480
1227,7,67498
1273,7,67544
1320,7,67555
1527,7,67582
1564,7,67623
1667,7,67652
1705,7,67660
1767,7,67692
1770,7,67728
1821,7,67735
1987,7,67776
2017,7,67825
2042,7,67867
2045,7,67888
2054,7,67890
2127,7,67893
2167,7,67921
2341,7,67934
2455,7,67939
2532,7,67943
2611,7,67983
2655,7,68033
2838,7,68057
2856,7,68068
2878,7,68116
3031,7,68127
3057,7,68153
3059,7,68199
3093,7,68228
3429,7,68243
3554,7,68274
3560,7,68299
3562,7,68312
3584,7,68352
3701,7,68392
3715,7,68405
3758,7,68414
3821,7,68454
3900,7,68503
3906,7,68513
3936,7,68543
3938,7,68582
3975,7,68601
4024,7,68613
4043,7,68662
4047,7,68672
4058,7,68708
4069,7,68757
4179,7,68799
4204,7,68826
4223,7,68828
4244,7,68861
4268,7,68900
4269,7,68934
4345,7,68976
4375,7,69008
4482,7,69035
4491,7,69071
4628,7,69093
4647,7,69127
4655,7,69160
4688,7,69177
4695,7,69217
4728,7,69261
4893,7,69304
53,7,69335
135,7,69338
191,7,69345
216,7,69358
227,7,69392
315,7,69435
372,7,69467
404,7,69491
500,7,69523
551,7,69572
564,7,69600
594,7,69603
778,7,69623
827,7,69633
866,7,69642
983,7,69672
1001,7,69681
1002,7,69718
1083,7,69732
1163,7,69740
1165,7,69763
1167,7,69812
1168,7,69816
1205,7,69853
1438,7,69878
1537,7,69899
1606,7,69945
1660,7,69970
1732,7,70007
1756,7,70035
1780,7,70079
1792,7,70123
1880,7,70172
1886,7,70203
1942,7,70229
1975,7,70262
2011,7,70269
2193,7,70318
2266,7,70364
2302,7,70380
2328,7,70418
2369,7,70463
2374,7,70480
2402,7,70497
2435,7,70536
2470,7,70540
2591,7,70574
2660,7,70588
2702,7,70594
2705,7,70610
2707,7,70623
2714,7,70658
2840,7,70689
2928,7,70735
2960,7,70768
2994,7,70770
3006,7,70810
3008,7,70855
3075,7,70860
3087,7,70907
3172,7,70946
3194,7,70977
3214,7,70992
3239,7,71034
3288,7,71055
3292,7,71093
3325,7,71105
3474,7,71135
3475,7,71168
3505,7,71177
3538,7,71202
3558,7,71222
3602,7,71254
3621,7,71282
3674,7,71303
3769,7,71346
3780,7,71352
3782,7,71397
3860,7,71447
3918,7,71466
3953,7,71486
3966,7,71504
4004,7,71549
4089,7,71575
4115,7,71583
4150,7,71613
4185,7,71648
4206,7,71656
4209,7,71678
4214,7,71697
4220,7,71720
4370,7,71768
4394,7,71774
4406,7,71789
4601,7,71804
4770,7,71827
4774,7,71869
4814,7,71911
4826,7,71934
4875,7,71960
4891,7,72009
4896,7,72013
4955,7,72044
5,7,72048
6,7,72092
22,7,72103
60,7,72116
90,7,72166
93,7,72202
116,7,72242
178,7,72245
257,7,72291
283,7,72315
332,7,72324
341,7,72373
401,7,72413
683,7,72449
721,7,72481
739,7,72509
755,7,72554
803,7,72556
896,7,72592
930,7,72594
960,7,72615
1008,7,72629
1052,7,72640
1075,7,72685
1105,7,72690
1108,7,72691
1161,7,72709
1201,7,72748
1281,7,72759
1345,7,72762
1381,7,72769
1424,7,72775
1468,7,72791
1503,7,72823
1554,7,72869
1556,7,72910
1584,7,72954
1702,7,72964
1727,7,72982
1830,7,73009
1851,7,73050
1883,7,73087
1940,7,73093
1958,7,73134
1997,7,73158
2047,7,73161
2078,7,73185
2099,7,73191
2134,7,73238
2138,7,73269
2139,7,73291
2168,7,73318
2184,7,73346
2210,7,73360
2242,7,73409
2308,7,73444
2316,7,73473
2317,7,73523
2342,7,73551
2357,7,73568
2365,7,73604
2378,7,73628
2400,7,73652
2477,7,73701
2561,7,73714
2708,7,73756
2757,7,73780
2765,7,73800
2768,7,73833
2769,7,73859
2809,7,73877
2934,7,73903
2947,7,73928
2975,7,73954
3022,7,73987
3042,7,73989
3107,7,74010
3136,7,74024
3148,7,74030
3173,7,74075
3182,7,74099
3190,7,74128
3235,7,74147
3496,7,74177
3515,7,74220
3553,7,74268
3694,7,74314
3779,7,74339
3793,7,74344
3799,7,74369
3891,7,74380
3911,7,74390
3917,7,74411
3990,7,74425
3994,7,74472
4050,7,74481
4072,7,74500
4116,7,74502
4175,7,74511
4210,7,74555
4255,7,74575
4274,7,74595
4343,7,74644
4390,7,74678
4412,7,74699
4511,7,74735
4541,7,74754
4567,7,74770
4598,7,74817
4715,7,74849
4780,7,74865
4817,7,74891
4824,7,74909
4841,7,74930
4852,7,74964
4879,7,75002
4912,7,75003
4937,7,75049
4953,7,75079
0,7,75100
25,7,75105
37,7,75147
61,7,75173
70,7,75220
71,7,75253
78,7,75272
84,7,75304
98,7,75333
168,7,75344
214,7,75352
235,7,75397
444,7,75428
512,7,75460
519,7,75473
530,7,75497
535,7,75528
686,7,75540
719,7,75541
736,7,75585
780,7,75598
785,7,75644
838,7,75686
845,7,75701
849,7,75713
906,7,75736
927,7,75784
973,7,75829
1057,7,75845
1086,7,75881
1128,7,75929
1200,7,75950
1223,7,75952
1272,7,75992
1376,7,75993
1403,7,76018
1416,7,76039
1426,7,76074
1477,7,76119
1481,7,76133
1621,7,76182
1694,7,76198
1755,7,76222
1820,7,76254
1862,7,76268
1924,7,76289
1928,7,76322
1988,7,76340
2019,7,76367
2049,7,76397
2071,7,76415
2130,7,76424
2238,7,76455
2243,7,76462
2275,7,76465
2335,7,76501
2396,7,76519
2431,7,76568
2480,7,76608
2483,7,76623
2624,7,76637
2628,7,76683
2833,7,76704
2836,7,76719
2905,7,76731
2931,7,76757
2933,7,76765
2969,7,76778
3020,7,76783
3128,7,76799
3162,7,76800
3191,7,76818
3225,7,76820
3444,7,76830
3551,7,76851
3655,7,76884
3658,7,76920
3723,7,76949
3745,7,76951
3760,7,76997
3814,7,77034
3869,7,77081
3992,7,77082
4021,7,77107
4065,7,77151
4095,7,77190
4111,7,77240
4217,7,77286
4270,7,77324
4302,7,77353
4355,7,77359
4414,7,77360
4450,7,77400
4474,7,77429
4600,7,77459
4693,7,77488
4773,7,77520
4815,7,77554
4831,7,77573
4873,7,77574
4894,7,77606
4989,7,77653
80,7,77660
92,7,77698
96,7,77707
159,7,77719
239,7,77763
252,7,77800
308,7,77813
427,7,77819
641,7,77866
689,7,77878
704,7,77906
756,7,77929
893,7,77971
1050,7,77978
1066,7,78015
1130,7,78045
1178,7,78059
1210,7,78098
1235,7,78118
1330,7,78156
1346,7,78191
1349,7,78216
1557,7,78253
1587,7,78263
1794,7,78268
1799,7,78276
1852,7,78295
1861,7,78305
1908,7,78351
1944,7,78395
1957,7,78416
1986,7,78435
2072,7,78451
2110,7,78493
2125,7,78517
2207,7,78524
2307,7,78559
2322,7,78593
2333,7,78601
2356,7,78642
2360,7,78652
2370,7,78672
2443,7,78713
2536,7,78715
2592,7,78741
2649,7,78785
2650,7,78803
2674,7,78846
2712,7,78862
2724,7,78894
2852,7,78930
2906,7,78965
2910,7,78974
2967,7,79009
3017,7,79047
3068,7,79084
3117,7,79127
3123,7,79146
3247,7,79158
3259,7,79180
3265,7,79219
3301,7,79258
3399,7,79291
3402,7,79294
3423,7,79319
3428,7,79356
3455,7,79404
3477,7,79432
3500,7,79445
3511,7,79455
3513,7,79485
3596,7,79520
3632,7,79541
3806,7,79543
3837,7,79575
3870,7,79577
3913,7,79617
3951,7,79628
4031,7,79645
4126,7,79683
4225,7,79700
4226,7,79745
4245,7,79792
4478,7,79816
4532,7,79864
4543,7,79893
4547,7,79924
4588,7,79972
4739,7,80006
4743,7,80021
4751,7,80029
4880,7,80062
4909,7,80075
4939,7,80106
4967,7,80144
85,7,80186
108,7,80229
119,7,80250
148,7,80258
153,7,80259
272,7,80294
328,7,80298
364,7,80318
429,7,80362
430,7,80380
435,7,80381
451,7,80388
484,7,80401
550,7,80410
619,7,80414
625,7,80428
647,7,80437
848,7,80463
888,7,80468
919,7,80472
965,7,80481
988,7,80494
1012,7,80524
1071,7,80550
1301,7,80570
1331,7,80592
1373,7,80614
1430,7,80618
1579,7,80663
1715,7,80698
1761,7,80727
1927,7,80774
2046,7,80801
2306,7,80816
2336,7,80863
2415,7,80874
2442,7,80886
2447,7,80895
2503,7,80921
2537,7,80923
2548,7,80971
2573,7,80999
2582,7,81035
2599,7,81046
2629,7,81068
2694,7,81075
2700,7,81093
2716,7,81116
2739,7,81130
2778,7,81175
2831,7,81216
2901,7,81245
2914,7,81262
3041,7,81290
3073,7,81322
3159,7,81340
3183,7,81387
3218,7,81405
3240,7,81452
3258,7,81495
3311,7,81509
3350,7,81529
3371,7,81562
3382,7,81580
3467,7,81608
3541,7,81632
3605,7,81650
3609,7,81666
3783,7,81669
3791,7,81680
3826,7,81720
3841,7,81746
3872,7,81763
3896,7,81804
3939,7,81821
4001,7,81864
4030,7,81896
4039,7,81900
4071,7,81913
4073,7,81914
4131,7,81951
4151,7,81984
4238,7,81990
4280,7,82033
4459,7,82052
4470,7,82054
4563,7,82065
4603,7,82094
4646,7,82100
4653,7,82122
4686,7,82160
4703,7,82181
4711,7,82222
4742,7,82230
4836,7,82243
4846,7,82254
4941,7,82296
8,7,82343
27,7,82371
67,7,82418
166,7,82425
204,7,82444
248,7,82480
273,7,82494
403,7,82540
422,7,82568
475,7,82588
570,7,82623
661,7,82659
673,7,82666
784,7,82680
877,7,82713
879,7,82763
907,7,82771
972,7,82813
978,7,82837
1006,7,82845
1139,7,82856
1275,7,82867
1362,7,82878
1364,7,82885
1382,7,82888
1386,7,82937
1454,7,82969
1495,7,83012
1591,7,83041
1627,7,83044
1633,7,83054
1666,7,83063
1676,7,83065
1778,7,83089
1810,7,83116
1825,7,83137
1882,7,83176
1952,7,83190
2001,7,83193
2066,7,83195
2213,7,83241
2264,7,83254
2466,7,83269
2475,7,83315
2488,7,83323
2498,7,83360
2529,7,83390
2565,7,83399
2567,7,83417
2696,7,83445
2729,7,83466
2745,7,83476
2807,7,83497
2811,7,83508
2827,7,83551
2841,7,83560
2847,7,83593
2866,7,83619
2895,7,83634
2923,7,83680
3055,7,83715
3060,7,83762
3098,7,83781
3222,7,83789
3224,7,83791
3331,7,83832
3379,7,83873
3390,7,83904
3463,7,83927
3497,7,83948
3499,7,83970
3519,7,83997
3693,7,84030
3696,7,84041
3746,7,84083
3772,7,84097
3792,7,84136
3802,7,84147
3847,7,84197
3884,7,84219
3897,7,84234
3909,7,84239
3957,7,84254
4020,7,84274
4046,7,84291
4055,7,84337
4091,7,84354
4108,7,84390
4184,7,84392
4191,7,84426
4236,7,84429
4312,7,84437
4319,7,84462
4416,7,84503
4448,7,84541
4452,7,84564
4480,7,84608
4527,7,84653
4570,7,84689
4623,7,84695
4648,7,84718
4716,7,84734
4731,7,84745
4776,7,84774
4916,7,84812
10,7,84823
69,7,84832
73,7,84856
100,7,84885
130,7,84904
147,7,84922
149,7,84924
183,7,84944
245,7,84946
264,7,84958
301,7,85003
342,7,85050
354,7,85090
359,7,85136
413,7,85140
514,7,85174
666,7,85218
747,7,85266
776,7,85303
844,7,85352
857,7,85394
1034,7,85412
1251,7,85436
1263,7,85476
1271,7,85478
1274,7,85505
1353,7,85524
1387,7,85542
1442,7,85547
1600,7,85575
1673,7,85584
1685,7,85631
1698,7,85673
1744,7,85690
1932,7,85729
1968,7,85741
2012,7,85759
2030,7,85809
2187,7,85813
2220,7,85824
2237,7,85847
2244,7,85877
2250,7,85902
2293,7,85936
2296,7,85976
2407,7,86000
2409,7,86002
2425,7,86050
2528,7,86072
2575,7,86121
2577,7,86146
2648,7,86162
2772,7,86209
2872,7,86238
2879,7,86270
2926,7,86317
3013,7,86343
3026,7,86388
3029,7,86403
3034,7,86429
3069,7,86476
3155,7,86511
3181,7,86533
3271,7,86545
3356,7,86571
3389,7,86589
3396,7,86636
3454,7,86673
3462,7,86718
3491,7,86731
3635,7,86761
3643,7,86803
3648,7,86823
3652,7,86868
3725,7,86899
3881,7,86949
3944,7,86953
3947,7,86990
3977,7,87035
4224,7,87042
4257,7,87086
4284,7,87129
4301,7,87169
4304,7,87205
4348,7,87236
4385,7,87286
4424,7,87299
4428,7,87320
4471,7,87350
4789,7,87379
4812,7,87419
4845,7,87455
4871,7,87458
4882,7,87488
4917,7,87538
4951,7,87585
4952,7,87602
4973,7,87651
122,7,87655
196,7,87679
209,7,87698
331,7,87717
393,7,87734
577,7,87743
701,7,87761
714,7,87774
744,7,87808
859,7,87810
908,7,87849
940,7,87853
968,7,87870
979,7,87906
1031,7,87911
1144,7,87957
1185,7,88001
1231,7,88016
1380,7,88044
1453,7,88052
1552,7,88061
1615,7,88098
1814,7,88125
1866,7,88169
1956,7,88190
1962,7,88192
1967,7,88202
2026,7,88211
2061,7,88229
2106,7,88267
2182,7,88317
2186,7,88321
2217,7,88346
2221,7,88389
2249,7,88420
2271,7,88457
2368,7,88473
2462,7,88512
2495,7,88540
2515,7,88556
2517,7,88570
2631,7,88597
2675,7,88612
2734,7,88639
2737,7,88644
2752,7,88646
2753,7,88689
2821,7,88739
2835,7,88765
2853,7,88797
2882,7,88833
2909,7,88836
2937,7,88839
3052,7,88871
3101,7,88902
3145,7,88916
3185,7,88924
3233,7,88930
3273,7,88957
3329,7,88977
3342,7,89005
3425,7,89013
3458,7,89019
3492,7,89041
3573,7,89077
3581,7,89089
3662,7,89093
3751,7,89111
3756,7,89139
3795,7,89180
4094,7,89209
4105,7,89210
4135,7,89227
4172,7,89274
4246,7,89276
4309,7,89302
4329,7,89315
4344,7,89356
4376,7,89372
4400,7,89397
4409,7,89402
4411,7,89406
4427,7,89437
4437,7,89477
4505,7,89482
4535,7,89523
4576,7,89568
4590,7,89587
4652,7,89611
4654,7,89637
4677,7,89677
4729,7,89696
4759,7,89699
4861,7,89748
4870,7,89751
4878,7,89799
4945,7,89845
4954,7,89870
4956,7,89908
4976,7,89925
4984,7,89944
94,7,89967
133,7,89985
176,7,90007
188,7,90035
208,7,90046
217,7,90074
255,7,90114
261,7,90129
282,7,90147
290,7,90190
336,7,90236
337,7,90272
450,7,90311
457,7,90327
468,7,90331
478,7,90346
493,7,90353
495,7,90354
509,7,90402
648,7,90445
663,7,90489
702,7,90511
835,7,90543
864,7,90588
980,7,90624
1007,7,90637
1030,7,90641
1073,7,90654
1084,7,90676
1133,7,90677
1225,7,90725
1246,7,90763
1399,7,90772
1467,7,90774
1476,7,90776
1491,7,90821
1511,7,90843
1519,7,90867
1595,7,90911
1651,7,90930
1708,7,90951
1738,7,90958
1829,7,90974
1963,7,90989
2020,7,91003
2023,7,91037
2080,7,91056
2169,7,91098
2208,7,91117
2226,7,91138
2261,7,91142
2286,7,91153
2338,7,91171
2361,7,91200
2545,7,91248
2546,7,91286
2549,7,91318
2550,7,91349
2622,7,91371
2791,7,91409
2795,7,91457
2862,7,91466
2991,7,91508
3072,7,91545
3076,7,91553
3114,7,91565
3165,7,91578
3168,7,91627
3205,7,91659
3360,7,91707
3419,7,91756
3435,7,91798
3645,7,91817
3650,7,91840
3672,7,91880
3677,7,91895
3866,7,91923
3912,7,91964
3963,7,91981
4017,7,92031
4104,7,92047
4117,7,92060
4145,7,92101
4181,7,92110
4219,7,92156
4229,7,92162
4256,7,92168
4283,7,92199
4291,7,92206
4299,7,92216
4314,7,92249
4315,7,92299
4366,7,92310
4384,7,92344
4457,7,92360
4539,7,92362
4582,7,92384
4596,7,92433
4640,7,92448
4644,7,92460
4738,7,92493
4761,7,92518
4801,7,92526
4832,7,92537
4855,7,92556
4874,7,92604
4889,7,92620
4907,7,92639
4961,7,92675
79,7,92702
110,7,92743
157,7,92748
194,7,92797
197,7,92800
277,7,92820
285,7,92838
300,7,92865
407,7,92868
441,7,92910
652,7,92937
662,7,92947
670,7,92961
677,7,92975
711,7,93012
730,7,93018
746,7,93038
748,7,93065
811,7,93067
824,7,93115
839,7,93134
912,7,93157
950,7,93177
962,7,93194
977,7,93198
1021,7,93218
1045,7,93266
1087,7,93277
1100,7,93284
1129,7,93310
1136,7,93314
1142,7,93360
1158,7,93394
1224,7,93403
1363,7,93439
1473,7,93458
1549,7,93483
1624,7,93512
1626,7,93553
1700,7,93594
1703,7,93596
1707,7,93620
1818,7,93640
1869,7,93653
1941,7,93696
1976,7,93730
2027,7,93744
2215,7,93759
2262,7,93765
2284,7,93787
2291,7,93814
2324,7,93857
2327,7,93863
2440,7,93891
2526,7,93922
2671,7,93948
2784,7,93970
2861,7,94004
2930,7,94048
2954,7,94069
2956,7,94082
2968,7,94108
3071,7,94149
3154,7,94187
3156,7,94202
3253,7,94242
3355,7,94285
3394,7,94330
3395,7,94344
3415,7,94388
3416,7,94389
3441,7,94401
3465,7,94445
3661,7,94447
3697,7,94485
3790,7,94512
3993,7,94553
4083,7,94556
4183,7,94603
4278,7,94635
4290,7,94643
4341,7,94646
4516,7,94655
4670,7,94697
4825,7,94735
4854,7,94748
4869,7,94786
4885,7,94836
4926,7,94842
4943,7,94872
106,7,94881
203,7,94888
210,7,94894
374,7,94912
410,7,94923
424,7,94965
445,7,95003
486,7,95017
515,7,95060
522,7,95063
669,7,95087
684,7,95105
761,7,95125
766,7,95142
853,7,95164
924,7,95197
996,7,95228
1249,7,95271
1287,7,95277
1292,7,95320
1305,7,95334
1314,7,95343
1318,7,95375
1348,7,95415
1422,7,95459
1478,7,95479
1546,7,95481
1576,7,95522
1607,7,95530
1609,7,95561
1610,7,95606
1661,7,95628
1664,7,95634
1679,7,95674
1774,7,95719
1800,7,95754
1824,7,95767
1887,7,95806
1891,7,95841
1894,7,95844
1921,7,95864
1943,7,95890
1994,7,95932
2088,7,95963
2155,7,96004
2248,7,96050
2254,7,96053
2285,7,96076
2362,7,96083
2504,7,96092
2584,7,96141
2638,7,96169
2731,7,96175
2733,7,96224
2742,7,96261
2751,7,96262
2788,7,96279
2935,7,96289
3004,7,96292
3119,7,96305
3280,7,96306
3377,7,96331
3405,7,96379
3407,7,96391
3442,7,96397
3494,7,96401
3556,7,96419
3646,7,96443
3737,7,96462
3752,7,96480
3788,7,96526
3856,7,96532
3865,7,96556
3965,7,96567
4003,7,96597
4013,7,96601
4068,7,96613
4082,7,96652
4093,7,96677
4121,7,96727
4188,7,96732
4228,7,96747
4250,7,96793
4347,7,96839
4431,7,96872
4502,7,96876
4673,7,96919
4684,7,96925
4796,7,96938
4803,7,96941
4806,7,96964
4853,7,97004
4858,7,97021
4876,7,97043
4902,7,97065
4910,7,97075
4936,7,97076
4962,7,97113
31,7,97160
74,7,97198
101,7,97211
177,7,97250
182,7,97261
202,7,97262
322,7,97274
323,7,97322
334,7,97343
356,7,97365
438,7,97381
472,7,97431
505,7,97453
552,7,97498
585,7,97527
601,7,97535
649,7,97573
655,7,97607
831,7,97633
837,7,97642
855,7,97679
874,7,97686
949,7,97718
956,7,97728
1047,7,97768
1079,7,97806
1186,7,97817
1277,7,97846
1397,7,97877
1439,7,97894
1448,7,97919
1458,7,97941
1522,7,97970
1542,7,98011
1586,7,98040
1650,7,98077
1653,7,98120
1748,7,98138
2057,7,98175
2122,7,98186
2124,7,98208
2146,7,98223
2196,7,98246
2401,7,98281
2414,7,98296
2500,7,98335
2513,7,98375
2678,7,98407
2710,7,98429
2715,7,98471
2760,7,98512
2865,7,98521
2883,7,98568
2916,7,98588
2949,7,98628
3028,7,98664
3166,7,98667
3250,7,98692
3359,7,98702
3495,7,98726
3583,7,98770
3592,7,98785
3634,7,98833
3636,7,98876
3660,7,98893
3874,7,98937
3930,7,98940
3932,7,98970
3971,7,99002
4022,7,99031
4101,7,99057
4192,7,99077
4202,7,99097
4207,7,99137
4305,7,99146
4335,7,99178
4358,7,99225
4402,7,99261
4434,7,99281
4442,7,99312
4501,7,99316
4562,7,99323
4574,7,99335
4578,7,99375
4681,7,99379
4767,7,99404
4772,7,99435
4903,7,99452
91,7,99486
163,7,99529
256,7,99539
288,7,99552
303,7,99576
371,7,99623
501,7,99655
547,7,99667
636,7,99678
682,7,99724
876,7,99751
961,7,99789
1028,7,99791
1150,7,99803
1159,7,99813
1191,7,99854
1315,7,99886
1367,7,99892
1383,7,99918
1407,7,99924
1413,7,99933
1483,7,99943
1646,7,99993
1803,7,100043
1845,7,100068
1879,7,100089
1911,7,100103
2031,7,100130
2166,7,100152
2171,7,100171
2177,7,100179
2200,7,100187
2269,7,100229
2288,7,100235
2294,7,100271
2301,7,100320
2311,7,100363
2375,7,100406
2418,7,100447
2472,7,100455
2512,7,100476
2540,7,100512
2585,7,100516
2588,7,100547
2614,7,100549
2781,7,100594
2844,7,100600
2908,7,100646
2978,7,100682
3003,7,100723
3010,7,100771
3014,7,100801
3104,7,100807
3143,7,100840
3346,7,100843
3410,7,100855
3413,7,100858
3493,7,100868
3508,7,100876
3590,7,100878
3651,7,100891
3665,7,100933
3688,7,100949
3759,7,100974
3762,7,101005
3854,7,101022
3898,7,101028
3950,7,101046
3955,7,101094
3996,7,101135
4070,7,101150
4243,7,101177
4258,7,101204
4289,7,101212
4292,7,101217
4353,7,101263
4378,7,101277
4382,7,101306
4489,7,101307
4630,7,101341
4658,7,101367
4800,7,101372
4816,7,101410
4840,7,101445
4931,7,101468
72,7,101476
81,7,101506
275,7,101512
287,7,101547
307,7,101595
350,7,101605
370,7,101642
375,7,101670
417,7,101672
489,7,101692
496,7,101697
591,7,101744
633,7,101783
650,7,101784
688,7,101791
769,7,101799
867,7,101849
929,7,101872
1053,7,101907
1067,7,101911
1115,7,101943
1184,7,101948
1197,7,101950
1218,7,101973
1253,7,101990
1261,7,102029
1262,7,102061
1296,7,102073
1298,7,102104
1311,7,102154
1347,7,102188
1358,7,102195
1408,7,102245
1460,7,102272
1629,7,102282
1631,7,102286
1644,7,102296
1735,7,102314
1915,7,102337
2052,7,102350
2079,7,102368
2165,7,102379
2178,7,102395
2179,7,102429
2233,7,102430
2279,7,102433
2295,7,102469
2376,7,102509
2405,7,102538
2428,7,102576
2485,7,102612
2557,7,102626
2576,7,102670
2579,7,102679
2618,7,102688
2706,7,102715
2727,7,102758
2792,7,102789
2817,7,102794
2868,7,102831
2917,7,102855
3002,7,102859
3044,7,102897
3062,7,102930
3092,7,102971
3096,7,102997
3160,7,103022
3161,7,103065
3196,7,103078
3347,7,103099
3363,7,103140
3374,7,103157
3398,7,103163
3440,7,103176
3485,7,103195
3498,7,103207
3525,7,103235
3542,7,103284
3568,7,103321
3572,7,103355
3574,7,103389
3593,7,103392
3714,7,103406
3736,7,103439
3910,7,103484
3924,7,103517
3952,7,103523
3983,7,103540
4036,7,103586
4081,7,103593
4141,7,103640
4166,7,103682
4203,7,103730
4272,7,103740
4361,7,103752
4379,7,103755
4408,7,103793
4430,7,103837
4500,7,103881
4525,7,103916
4526,7,103932
4530,7,103971
4550,7,104002
4553,7,104023
4593,7,104072
4690,7,104100
4724,7,104122
4768,7,104126
4790,7,104169
4899,7,104200
4919,7,104227
4977,7,104266
11,7,104303
34,7,104312
113,7,104354
155,7,104397
265,7,104400
269,7,104425
289,7,104429
397,7,104433
428,7,104436
510,7,104473
527,7,104475
605,7,104477
608,7,104483
787,7,104518
792,7,104541
911,7,104569
967,7,104608
1044,7,104641
1141,7,104653
1193,7,104690
1286,7,104716
1340,7,104764
1365,7,104805
1415,7,104849
1431,7,104870
1540,7,104899
1634,7,104935
1658,7,104980
1713,7,105010
1896,7,105053
1922,7,105085
1953,7,105112
1959,7,105145
1970,7,105163
2034,7,105181
2043,7,105188
2063,7,105191
2141,7,105232
2161,7,105261
2172,7,105289
2263,7,105293
2309,7,105315
2314,7,105327
2323,7,105350
2340,7,105368
2383,7,105379
2451,7,105401
2563,7,105451
2740,7,105454
2944,7,105496
2984,7,105545
3097,7,105567
3248,7,105572
3269,7,105614
3290,7,105640
3406,7,105658
3418,7,105679
3446,7,105688
3479,7,105689
3534,7,105737
3548,7,105781
3738,7,105789
3787,7,105801
3894,7,105846
3925,7,105877
3937,7,105899
3942,7,105903
3986,7,105909
4010,7,105914
4033,7,105945
4045,7,105951
4134,7,105991
4201,7,105995
4218,7,106001
4241,7,106013
4320,7,106022
4357,7,106033
4367,7,106070
4537,7,106078
4622,7,106110
4634,7,106115
4663,7,106159
4775,7,106201
4798,7,106242
4863,7,106286
4964,7,106329
195,7,106368
247,7,106385
259,7,106423
260,7,106439
291,7,106452
318,7,106473
327,7,106512
386,7,106514
423,7,106552
452,7,106590
494,7,106596
548,7,106599
567,7,106626
578,7,106653
627,7,106698
713,7,106729
734,7,106771
843,7,106816
881,7,106829
971,7,106871
987,7,106900
1036,7,106908
1069,7,106915
1166,7,106938
1189,7,106943
1237,7,106962
1309,7,106968
1335,7,107017
1369,7,107059
1469,7,107108
1482,7,107116
1525,7,107118
1532,7,107135
1619,7,107144
1635,7,107171
1751,7,107202
1776,7,107241
1789,7,107265
1819,7,107281
1826,7,107285
1858,7,107302
1867,7,107348
1907,7,107354
1955,7,107361
2044,7,107380
2084,7,107388
2113,7,107423
2121,7,107466
2152,7,107511
2198,7,107540
2274,7,107551
2320,7,107576
2350,7,107592
2371,7,107632
2448,7,107639
2461,7,107674
2471,7,107677
2542,7,107698
2570,7,107740
2605,7,107757
2677,7,107804
2699,7,107819
2771,7,107861
2918,7,107876
2939,7,107909
3084,7,107934
3086,7,107949
3134,7,107978
3163,7,108001
3219,7,108048
3234,7,108055
3322,7,108078
3417,7,108081
3564,7,108094
3571,7,108117
3587,7,108127
3729,7,108131
3753,7,108171
3800,7,108177
3830,7,108204
3851,7,108245
3895,7,108282
3922,7,108305
3958,7,108312
3991,7,108344
4038,7,108359
4086,7,108383
4120,7,108423
4161,7,108439
4163,7,108476
4254,7,108508
4281,7,108524
4300,7,108560
4317,7,108562
4393,7,108566
4399,7,108580
4454,7,108597
4517,7,108601
4683,7,108625
4702,7,108629
4819,7,108631
4827,7,108664
4828,7,108691
4857,7,108698
4906,7,108705
4927,7,108711
4944,7,108726
4974,7,108734
62,7,108771
75,7,108817
111,7,108865
231,7,108915
232,7,108927
293,7,108946
392,7,108952
394,7,108994
396,7,109036
434,7,109075
449,7,109100
477,7,109145
536,7,109167
597,7,109194
602,7,109230
637,7,109238
757,7,109257
770,7,109260
938,7,109295
1082,7,109330
1288,7,109357
1390,7,109391
1409,7,109430
1423,7,109453
1441,7,109481
1451,7,109511
1504,7,109542
1508,7,109544
1612,7,109547
1688,7,109556
1758,7,109597
1775,7,109613
1935,7,109650
1971,7,109668
2059,7,109699
2158,7,109742
2192,7,109747
2349,7,109757
2384,7,109792
2385,7,109834
2514,7,109873
2527,7,109893
2574,7,109942
2743,7,109959
2783,7,109998
2789,7,110031
2875,7,110069
2942,7,110079
3074,7,110103
3120,7,110151
3167,7,110154
3212,7,110175
3251,7,110180
3257,7,110211
3303,7,110249
3348,7,110298
3376,7,110339
3422,7,110382
3439,7,110412
3476,7,110422
3506,7,110446
3536,7,110484
3547,7,110499
3563,7,110530
3614,7,110557
3673,7,110565
3699,7,110579
3700,7,110597
3805,7,110642
3818,7,110661
3835,7,110705
3927,7,110733
3928,7,110770
4077,7,110815
4097,7,110835
4112,7,110855
4249,7,110878
4307,7,110884
4360,7,110907
4364,7,110908
4392,7,110928
4422,7,110959
4423,7,110977
4479,7,111003
4507,7,111029
4559,7,111065
4579,7,111071
4609,7,111103
4685,7,111104
4755,7,111142
4765,7,111171
4777,7,111216
4843,7,111228
4868,7,111255
4877,7,111278
4940,7,111318
13,7,111330
24,7,111334
63,7,111343
76,7,111383
201,7,111388
388,7,111424
420,7,111445
488,7,111447
528,7,111484
586,7,111518
609,7,111527
617,7,111547
773,7,111573
777,7,111607
790,7,111608
804,7,111625
904,7,111671
939,7,111675
941,7,111715
1029,7,111752
1098,7,111794
1113,7,111796
1206,7,111809
1337,7,111831
1344,7,111841
1402,7,111891
1417,7,111922
1465,7,111945
1490,7,111979
1496,7,112014
1515,7,112022
1672,7,112048
1680,7,112089
1683,7,112103
1706,7,112117
1815,7,112136
1842,7,112184
1870,7,112213
1930,7,112223
1938,7,112239
1980,7,112271
1993,7,112291
1996,7,112307
2082,7,112321
2147,7,112359
2258,7,112361
2352,7,112374
2364,7,112376
2379,7,112409
2413,7,112436
2460,7,112465
2469,7,112498
2691,7,112514
2759,7,112553
2850,7,112596
2860,7,112637
2876,7,112686
2892,7,112734
3049,7,112764
3077,7,112795
3207,7,112807
3256,7,112816
3309,7,112839
3461,7,112858
3512,7,112883
3601,7,112930
3611,7,112965
3702,7,113011
3711,7,113042
3733,7,113062
3748,7,113080
3827,7,113121
3831,7,113131
3843,7,113141
3846,7,113176
3880,7,113200
3883,7,113219
3935,7,113221
4066,7,113254
4088,7,113268
4196,7,113283
4262,7,113294
4323,7,113302
4326,7,113319
4435,7,113334
4443,7,113344
4665,7,113393
4678,7,113402
4687,7,113431
4748,7,113458
4851,7,113475
4970,7,113508
146,7,113525
171,7,113574
218,7,113593
271,7,113643
281,7,113680
298,7,113692
418,7,113723
442,7,113734
474,7,113738
476,7,113747
524,7,113782
541,7,113830
692,7,113863
729,7,113890
856,7,113902
974,7,113947
1020,7,113965
1103,7,114001
1120,7,114037
1212,7,114042
1297,7,114045
1389,7,114056
1567,7,114060
1608,7,114070
1656,7,114089
1659,7,114120
1692,7,114150
1783,7,114153
1808,7,114159
1816,7,114196
1864,7,114242
1901,7,114262
1995,7,114269
2081,7,114297
2098,7,114344
2149,7,114374
2195,7,114418
2227,7,114449
2234,7,114459
2259,7,114501
2359,7,114535
2432,7,114548
2507,7,114563
2521,7,114589
2568,7,114639
2593,7,114650
2725,7,114655
2744,7,114657
2747,7,114680
2754,7,114726
2782,7,114729
2815,7,114747
2842,7,114751
2898,7,114793
2990,7,114842
2999,7,114878
3030,7,114884
3064,7,114919
3206,7,114945
3255,7,114948
3286,7,114967
3365,7,114995
3523,7,115013
3552,7,115046
3586,7,115095
3663,7,115108
3712,7,115157
3776,7,115183
3838,7,115207
3879,7,115215
3892,7,115216
3904,7,115247
3933,7,115283
3943,7,115284
3949,7,115318
3954,7,115367
4007,7,115389
4008,7,115420
4153,7,115449
4160,7,115494
4174,7,115517
4197,7,115551
4313,7,115583
4322,7,115632
4418,7,115647
4484,7,115675
4520,7,115694
4538,7,115712
4544,7,115730
4717,7,115746
4726,7,115767
4750,7,115809
4842,7,115844
4946,7,115845
15,7,115858
42,7,115867
124,7,115885
162,7,115887
181,7,115892
185,7,115911
220,7,115918
366,7,115933
383,7,115936
467,7,115944
469,7,115984
498,7,116015
532,7,116049
557,7,116055
599,7,116066
774,7,116095
799,7,116145
900,7,116167
948,7,116175
951,7,116213
985,7,116239
1088,7,116255
1092,7,116277
1152,7,116315
1265,7,116359
1293,7,116366
1322,7,116369
1336,7,116411
1375,7,116419
1410,7,116420
1562,7,116452
1577,7,116464
1731,7,116486
1834,7,116487
1853,7,116489
1881,7,116522
1946,7,116535
1948,7,116576
1954,7,116579
1961,7,116607
2040,7,116647
2050,7,116689
2112,7,116727
2114,7,116729
2143,7,116738
2148,7,116759
2372,7,116768
2420,7,116818
2421,7,116820
2429,7,116851
2441,7,116890
2597,7,116906
2635,7,116910
2652,7,116920
2653,7,116954
2667,7,117001
2684,7,117035
2689,7,117041
2719,7,117066
2851,7,117086
2925,7,117114
2959,7,117125
3024,7,117169
3056,7,117184
3139,7,117186
3184,7,117234
3197,7,117275
3318,7,117290
3353,7,117302
3380,7,117342
3385,7,117347
3397,7,117381
3447,7,117402
3517,7,117417
3604,7,117450
3625,7,117471
3680,7,117479
3681,7,117520
3750,7,117540
3844,7,117541
3867,7,117570
3970,7,117593
4096,7,117607
4222,7,117651
4253,7,117658
4352,7,117699
4368,7,117716
4397,7,117736
4436,7,117744
4446,7,117773
4602,7,117810
4607,7,117858
4621,7,117886
4756,7,117912
4813,7,117941
4883,7,117954
4966,7,118000
4972,7,118021
14,7,118064
77,7,118104
89,7,118146
137,7,118167
170,7,118176
262,7,118198
276,7,118243
304,7,118285
335,7,118331
363,7,118358
381,7,118363
555,7,118376
622,7,118391
685,7,118393
741,7,118422
841,7,118446
863,7,118485
923,7,118500
1016,7,118537
1157,7,118548
1160,7,118566
1208,7,118597
1230,7,118607
1234,7,118608
1239,7,118638
1304,7,118670
1395,7,118712
1466,7,118724
1493,7,118746
1510,7,118784
1529,7,118791
1538,7,118820
1543,7,118833
1548,7,118883
1574,7,118925
1603,7,118956
1670,7,119005
1714,7,119028
1737,7,119057
1777,7,119088
1849,7,119126
1854,7,119131
1925,7,119139
1979,7,119151
2101,7,119194
2103,7,119217
2209,7,119239
2270,7,119260
2329,7,119269
2412,7,119287
2422,7,119293
2433,7,119322
2456,7,119349
2492,7,119386
2502,7,119395
2564,7,119407
2646,7,119451
2686,7,119457
2732,7,119491
2758,7,119499
2825,7,119528
2830,7,119534
2848,7,119559
2904,7,119591
2911,7,119627
2922,7,119651
2953,7,119665
2981,7,119695
3133,7,119722
3147,7,119733
3188,7,119778
3210,7,119783
3268,7,119786
3294,7,119801
3321,7,119816
3404,7,119842
3539,7,119876
3555,7,119922
3588,7,119935
3617,7,119939
3647,7,119986
3734,7,120005
3828,7,120049
3941,7,120050
4000,7,120084
4016,7,120116
4052,7,120133
4106,7,120160
4486,7,120200
4493,7,120216
4546,7,120244
4696,7,120266
4766,7,120310
4787,7,120337
4979,7,120382
56,7,120395
173,7,120417
193,7,120449
234,7,120463
292,7,120505
299,7,120521
333,7,120528
384,7,120556
400,7,120581
534,7,120596
558,7,120615
584,7,120636
611,7,120664
624,7,120709
679,7,120758
690,7,120797
775,7,120805
793,7,120842
821,7,120882
846,7,120932
917,7,120945
935,7,120992
1024,7,121020
1065,7,121031
1119,7,121076
1162,7,121094
1169,7,121108
1278,7,121130
1392,7,121168
1394,7,121217
1400,7,121230
1470,7,121252
1479,7,121302
1533,7,121320
1596,7,121367
1599,7,121400
1674,7,121423
1718,7,121441
1739,7,121455
1769,7,121484
1785,7,121508
1798,7,121527
1840,7,121532
1884,7,121573
1902,7,121585
1926,7,121588
2118,7,121614
2252,7,121622
2253,7,121669
2292,7,121683
2344,7,121708
2373,7,121745
2411,7,121754
2598,7,121766
2606,7,121795
2647,7,121827
2763,7,121844
2857,7,121857
2863,7,121883
2903,7,121895
2927,7,121929
2955,7,121931
2995,7,121940
3088,7,121980
3153,7,121998
3169,7,122019
3211,7,122046
3228,7,122072
3293,7,122093
3304,7,122103
3343,7,122107
3368,7,122130
3460,7,122162
3720,7,122190
3777,7,122231
3876,7,122250
3934,7,122278
3962,7,122321
4009,7,122344
4019,7,122363
4075,7,122398
4122,7,122437
4149,7,122472
4308,7,122516
4325,7,122520
4388,7,122570
4421,7,122610
4447,7,122612
4487,7,122636
4551,7,122639
4594,7,122678
4666,7,122725
4671,7,122761
4721,7,122770
4786,7,122791
47,7,122793
120,7,122834
284,7,122871
306,7,122878
325,7,122881
360,7,122902
373,7,122931
436,7,122960
487,7,122983
520,7,123011
566,7,123046
580,7,123067
583,7,123077
590,7,123088
671,7,123118
789,7,123135
791,7,123184
820,7,123204
899,7,123227
1099,7,123233
1280,7,123241
1374,7,123252
1388,7,123267
1437,7,123279
1450,7,123327
1498,7,123336
1528,7,123386
1551,7,123391
1573,7,123414
1669,7,123442
1689,7,123481
1711,7,123520
1788,7,123555
1856,7,123582
1874,7,123611
1885,7,123643
1889,7,123684
1977,7,123709
2097,7,123752
2109,7,123759
2123,7,123769
2180,7,123782
2222,7,123805
2403,7,123832
2404,7,123870
2434,7,123892
2516,7,123936
2560,7,123959
2814,7,123987
2887,7,124021
2971,7,124043
2985,7,124068
3053,7,124073
3085,7,124091
3177,7,124140
3299,7,124157
3308,7,124206
3316,7,124212
3339,7,124254
3361,7,124297
3369,7,124323
3370,7,124336
3521,7,124380
3598,7,124387
3616,7,124415
3686,7,124433
3726,7,124449
3858,7,124465
3907,7,124510
3988,7,124530
4048,7,124561
4078,7,124593
4107,7,124608
4139,7,124628
4182,7,124652
4212,7,124681
4288,7,124710
4549,7,124718
4565,7,124752
4659,7,124780
4675,7,124821
4714,7,124835
4753,7,124871
4808,7,124913
4838,7,124921
4928,7,124924
